0
0
0
0
0
0
0
0
0
0
0
0
0
0
0
0
0
0
0
0
0
0
1.37043e+284
2.7028e+284
3.95879e+284
5.1001e+284
6.08966e+284
6.89384e+284
7.4855e+284
7.84721e+284
7.97366e+284
7.87233e+284
7.56213e+284
7.07037e+284
6.42879e+284
5.66972e+284
4.82311e+284
3.91455e+284
2.96451e+284
1.98843e+284
9.97529e+283
0
0
2.77893e+284
5.48198e+284
8.03225e+284
1.0352e+285
1.23647e+285
1.40002e+285
1.52009e+285
1.59297e+285
1.61751e+285
1.59535e+285
1.53058e+285
1.42906e+285
1.29751e+285
1.1427e+285
9.70816e+284
7.87058e+284
5.95505e+284
3.99168e+284
2.00169e+284
0
0
4.26332e+284
8.41394e+284
1.23363e+285
1.59108e+285
1.9017e+285
2.15413e+285
2.33884e+285
2.44955e+285
2.48436e+285
2.44608e+285
2.34171e+285
2.1811e+285
1.97539e+285
1.7355e+285
1.4712e+285
1.19046e+285
8.99343e+284
6.02156e+284
3.01754e+284
0
0
5.86039e+284
1.15742e+285
1.69881e+285
2.19378e+285
2.62514e+285
2.97595e+285
3.23157e+285
3.38204e+285
3.42429e+285
3.3629e+285
3.20907e+285
2.97827e+285
2.68743e+285
2.35272e+285
1.98802e+285
1.60422e+285
1.20925e+285
8.08358e+284
4.04693e+284
0
0
7.604e+284
1.50345e+285
2.21039e+285
2.86011e+285
3.42912e+285
3.89298e+285
4.22944e+285
4.42275e+285
4.46786e+285
4.37215e+285
4.15342e+285
3.83546e+285
3.44335e+285
2.99995e+285
2.52392e+285
2.02917e+285
1.5251e+285
1.01733e+285
5.08659e+284
0
0
9.52112e+284
1.88559e+285
2.77921e+285
3.60715e+285
4.33823e+285
4.93742e+285
5.37046e+285
5.61167e+285
5.65226e+285
5.50442e+285
5.19698e+285
4.76679e+285
4.25057e+285
3.67979e+285
3.07854e+285
2.46344e+285
1.84463e+285
1.2272e+285
6.12613e+284
0
0
1.16246e+285
2.30758e+285
3.4137e+285
4.45105e+285
5.37925e+285
6.148e+285
6.70333e+285
7.00118e+285
7.02511e+285
6.79629e+285
6.36331e+285
5.78416e+285
5.11234e+285
4.39011e+285
3.64702e+285
2.90141e+285
2.16278e+285
1.43424e+285
7.1459e+284
0
0
1.39016e+285
2.76856e+285
4.11695e+285
5.40409e+285
6.57972e+285
7.57199e+285
8.29366e+285
8.66463e+285
8.65069e+285
8.29233e+285
7.6758e+285
6.89418e+285
6.02454e+285
5.12128e+285
4.21803e+285
3.3324e+285
2.47084e+285
1.63239e+285
8.11507e+284
0
0
1.62963e+285
3.25954e+285
4.88147e+285
6.46863e+285
7.96356e+285
9.26659e+285
1.02347e+286
1.0713e+286
1.06207e+286
1.00465e+286
9.1534e+285
8.09221e+285
6.97036e+285
5.85246e+285
4.7714e+285
3.73933e+285
2.75578e+285
1.81298e+285
8.99046e+284
0
0
1.86883e+285
3.7585e+285
5.68077e+285
7.62539e+285
9.5393e+285
1.12961e+286
1.26656e+286
1.33319e+286
1.30726e+286
1.21197e+286
1.0799e+286
9.35092e+285
7.91222e+285
6.54679e+285
5.27578e+285
4.09773e+285
2.99999e+285
1.96469e+285
9.717e+284
0
0
2.08718e+285
4.22486e+285
6.45774e+285
8.81284e+285
1.12722e+286
1.37129e+286
1.57997e+286
1.68764e+286
1.6218e+286
1.45607e+286
1.25722e+286
1.06002e+286
8.78081e+285
7.1467e+285
5.68719e+285
4.37582e+285
3.18176e+285
2.0741e+285
1.02306e+285
0
0
2.25501e+285
4.59604e+285
7.11246e+285
9.89609e+285
1.30235e+286
1.64837e+286
1.99439e+286
2.21559e+286
2.03623e+286
1.73328e+286
1.43288e+286
1.16969e+286
9.46412e+285
7.57199e+285
5.95047e+285
4.5366e+285
3.27714e+285
2.12689e+285
1.04643e+285
0
0
2.33684e+285
4.79182e+285
7.49999e+285
1.06355e+286
1.44422e+286
1.92546e+286
2.53364e+286
3.14412e+286
2.57423e+286
2.00796e+286
1.57132e+286
1.23946e+286
9.80676e+285
7.72669e+285
6.00608e+285
4.54298e+285
3.26331e+285
2.10988e+285
1.03578e+285
0
0
2.30053e+285
4.73439e+285
7.4602e+285
1.07037e+286
1.48552e+286
2.07559e+286
3.07058e+286
5.25302e+286
3.10862e+286
2.15299e+286
1.60498e+286
1.23615e+286
9.64165e+285
7.52193e+285
5.80418e+285
4.36594e+285
3.12323e+285
2.01354e+285
9.86824e+284
0
0
2.13091e+285
4.385e+285
6.9027e+285
9.86397e+285
1.35189e+286
1.82081e+286
2.42008e+286
3.02542e+286
2.45426e+286
1.89041e+286
1.45946e+286
1.13599e+286
8.87642e+285
6.91518e+285
5.32279e+285
3.99337e+285
2.85013e+285
1.83424e+285
8.97965e+284
0
0
1.8381e+285
3.77201e+285
5.90164e+285
8.33056e+285
1.11483e+286
1.43569e+286
1.76352e+286
1.97432e+286
1.79259e+286
1.49491e+286
1.20648e+286
9.60702e+285
7.58896e+285
5.9396e+285
4.57841e+285
3.43461e+285
2.44967e+285
1.57533e+285
7.70794e+284
0
0
1.44949e+285
2.96328e+285
4.60129e+285
6.40835e+285
8.38684e+285
1.04358e+286
1.224e+286
1.31576e+286
1.24685e+286
1.09017e+286
9.10847e+285
7.41442e+285
5.93279e+285
4.67586e+285
3.61664e+285
2.71698e+285
1.93861e+285
1.24663e+285
6.09876e+284
0
0
9.96587e+284
2.03033e+285
3.1319e+285
4.31471e+285
5.55493e+285
6.7595e+285
7.73116e+285
8.17888e+285
7.88873e+285
7.08087e+285
6.05289e+285
5.0094e+285
4.05194e+285
3.21439e+285
2.49532e+285
1.87808e+285
1.34116e+285
8.62696e+284
4.22081e+284
0
0
5.0653e+284
1.02953e+285
1.58128e+285
2.16367e+285
2.75868e+285
3.31612e+285
3.74632e+285
3.93797e+285
3.8267e+285
3.4801e+285
3.01284e+285
2.51836e+285
2.05118e+285
1.63443e+285
1.27215e+285
9.58867e+284
6.85236e+284
4.40921e+284
2.1575e+284
0
0
0
0
0
0
0
0
0
0
0
0
0
0
0
0
0
0
0
0
0
0
0
